2000.00 1.614436603498160e+00
2010.00 1.556712852957604e+00
2020.00 1.501324178652101e+00
2030.00 1.448167123559336e+00
2040.00 1.397143167587134e+00
2050.00 1.348158476631162e+00
2060.00 1.301123665111502e+00
2070.00 1.255953571227734e+00
2080.00 1.212567044216846e+00
2090.00 1.170886742940532e+00
2100.00 1.130838945167789e+00
2110.00 1.092353366956013e+00
2120.00 1.055362991568460e+00
2130.00 1.019803907398813e+00
2140.00 9.856151544041777e-01
2150.00 9.527385785768688e-01
2160.00 9.211186940123370e-01
2170.00 8.907025521562089e-01
2180.00 8.614396178372672e-01
2190.00 8.332816517158584e-01
2200.00 8.061825987982593e-01
2210.00 7.800984826876047e-01
2220.00 7.549873052605887e-01
2230.00 7.308089514768710e-01
2240.00 7.075250990446484e-01
2250.00 6.850991326815010e-01
2260.00 6.634960627242604e-01
2270.00 6.426824478555238e-01
2280.00 6.226263217274117e-01
2290.00 6.032971232754432e-01
2300.00 5.846656305269327e-01
2310.00 5.667038977191864e-01
2320.00 5.493851955530151e-01
2330.00 5.326839544167125e-01
2340.00 5.165757104247667e-01
2350.00 5.010370541240966e-01
2360.00 4.860455817287243e-01
2370.00 4.715798487513644e-01
2380.00 4.576193259076225e-01
2390.00 4.441443571752308e-01
2400.00 4.311361198971625e-01
2410.00 4.185765868234539e-01
2420.00 4.064484899922768e-01
2430.00 3.947352863561266e-01
2440.00 3.834211250640899e-01
2450.00 3.724908163158829e-01
2460.00 3.619298017079042e-01
2470.00 3.517241259957529e-01
2480.00 3.418604102017263e-01
2490.00 3.323258259995607e-01
2500.00 3.231080713123000e-01
2510.00 3.141953470625290e-01
2520.00 3.055763350174331e-01
2530.00 2.972401766741469e-01
2540.00 2.891764531337214e-01
2550.00 2.813751659147378e-01
2560.00 2.738267186601389e-01
2570.00 2.665218996932756e-01
2580.00 2.594518653814320e-01
2590.00 2.526081242672640e-01
2600.00 2.459825219306119e-01
2610.00 2.395672265450975e-01
2620.00 2.333547150957175e-01
2630.00 2.273377602254023e-01
2640.00 2.215094176801157e-01
2650.00 2.158630143236433e-01
2660.00 2.103921366946671e-01
2670.00 2.050906200801218e-01
2680.00 1.999525380801325e-01
2690.00 1.949721926410894e-01
2700.00 1.901441045345804e-01
2710.00 1.854630042610344e-01
2720.00 1.809238233579691e-01
2730.00 1.765216860937563e-01
2740.00 1.722519015287534e-01
2750.00 1.681099559265594e-01
2760.00 1.640915054990042e-01
2770.00 1.601923694692882e-01
2780.00 1.564085234384595e-01
2790.00 1.527360930411369e-01
2800.00 1.491713478770914e-01
2810.00 1.457106957059318e-01
2820.00 1.423506768927853e-01
2830.00 1.390879590934319e-01
2840.00 1.359193321679278e-01
2850.00 1.328417033122697e-01
2860.00 1.298520923981678e-01
2870.00 1.269476275114632e-01
2880.00 1.241255406801883e-01
2890.00 1.213831637836922e-01
2900.00 1.187179246346705e-01
2910.00 1.161273432263192e-01
2920.00 1.136090281372109e-01
2930.00 1.111606730868344e-01
2940.00 1.087800536350789e-01
2950.00 1.064650240192559e-01
2960.00 1.042135141225572e-01
2970.00 1.020235265681310e-01
2980.00 9.989313393323154e-02
2990.00 9.782047607815615e-02
3000.00 9.580375758493065e-02
3010.00 9.384124530093642e-02
3020.00 9.193126598289691e-02
3030.00 9.007220403685237e-02
3040.00 8.826249934995124e-02
3050.00 8.650064521008358e-02
3060.00 8.478518630955725e-02
3070.00 8.311471682919779e-02
3080.00 8.148787859941331e-02
3090.00 7.990335933492664e-02
3100.00 7.835989094002371e-02
3110.00 7.685624788131286e-02
3120.00 7.539124562512202e-02
3130.00 7.396373913679485e-02
3140.00 7.257262143926392e-02
3150.00 7.121682222840349e-02
3160.00 6.989530654276933e-02
3170.00 6.860707348544601e-02
3180.00 6.735115499581783e-02
3190.00 6.612661466918154e-02
3200.00 6.493254662220696e-02
3210.00 6.376807440234313e-02
3220.00 6.263234993934844e-02
3230.00 6.152455253720566e-02
3240.00 6.044388790475763e-02
3250.00 5.938958722347232e-02
3260.00 5.836090625081593e-02
3270.00 5.735712445777796e-02
3280.00 5.637754419915716e-02
3290.00 5.542148991527399e-02
3300.00 5.448830736383797e-02
3310.00 5.357736288074737e-02
3320.00 5.268804266865659e-02
3330.00 5.181975211219156e-02
3340.00 5.097191511874596e-02
3350.00 5.014397348383257e-02
3360.00 4.933538628001079e-02
3370.00 4.854562926845049e-02
3380.00 4.777419433223428e-02
3390.00 4.702058893053631e-02
3400.00 4.628433557285352e-02
3410.00 4.556497131249861e-02
3420.00 4.486204725859842e-02
3430.00 4.417512810587160e-02
3440.00 4.350379168149136e-02
3450.00 4.284762850836617e-02
3460.00 4.220624138420082e-02
3470.00 4.157924497572483e-02
3480.00 4.096626542750220e-02
3490.00 4.036693998475906e-02
3500.00 3.978091662969052e-02
3510.00 3.920785373072829e-02
3520.00 3.864741970427393e-02
3530.00 3.809929268842058e-02
3540.00 3.756316022820732e-02
3550.00 3.703871897196770e-02
3560.00 3.652567437835189e-02
3570.00 3.602374043361945e-02
3580.00 3.553263937881513e-02
3590.00 3.505210144645627e-02
3600.00 3.458186460637516e-02
3610.00 3.412167432037376e-02
3620.00 3.367128330536208e-02
3630.00 3.323045130466444e-02
3640.00 3.279894486719052e-02
3650.00 3.237653713418001e-02
3660.00 3.196300763324116e-02
3670.00 3.155814207941447e-02
3680.00 3.116173218300381e-02
3690.00 3.077357546392649e-02
3700.00 3.039347507234442e-02
3710.00 3.002123961534717e-02
3720.00 2.965668298946703e-02
3730.00 2.929962421881428e-02
3740.00 2.894988729862981e-02
3750.00 2.860730104405907e-02
3760.00 2.827169894395993e-02
3770.00 2.794291901956339e-02
3780.00 2.762080368781357e-02
3790.00 2.730519962921978e-02
3800.00 2.699595766005996e-02
3810.00 2.669293260878083e-02
3820.00 2.639598319644604e-02
3830.00 2.610497192108930e-02
3840.00 2.581976494583454e-02
3850.00 2.554023199065092e-02
3860.00 2.526624622761489e-02
3870.00 2.499768417955679e-02
3880.00 2.473442562197369e-02
3890.00 2.447635348809485e-02
3900.00 2.422335377699023e-02
3910.00 2.397531546461681e-02
3920.00 2.373213041770090e-02
3930.00 2.349369331035897e-02
3940.00 2.325990154336288e-02
3950.00 2.303065516595847e-02
3960.00 2.280585680015058e-02
3970.00 2.258541156737022e-02
3980.00 2.236922701744254e-02
3990.00 2.215721305977805e-02
4000.00 2.194928189671123e-02
4010.00 2.174534795891443e-02
4020.00 2.154532784281680e-02
4030.00 2.134914024996121e-02
4040.00 2.115670592823393e-02
4050.00 2.096794761490445e-02
4060.00 2.078278998141529e-02
4070.00 2.060115957986337e-02
4080.00 2.042298479111681e-02
4090.00 2.024819577451311e-02
4100.00 2.007672441908644e-02
4110.00 1.990850429627368e-02
4120.00 1.974347061405056e-02
4130.00 1.958156017245117e-02
4140.00 1.942271132042540e-02
4150.00 1.926686391399087e-02
4160.00 1.911395927563718e-02
4170.00 1.896394015494172e-02
4180.00 1.881675069035801e-02
4190.00 1.867233637213854e-02
4200.00 1.853064400635570e-02
4210.00 1.839162167998542e-02
4220.00 1.825521872701946e-02
4230.00 1.812138569557354e-02
4240.00 1.799007431595953e-02
4250.00 1.786123746969083e-02
4260.00 1.773482915939168e-02
4270.00 1.761080447958149e-02
4280.00 1.748911958830661e-02
4290.00 1.736973167959297e-02
4300.00 1.725259895669366e-02
4310.00 1.713768060610655e-02
4320.00 1.702493677233790e-02
4330.00 1.691432853338869e-02
4340.00 1.680581787694114e-02
4350.00 1.669936767722365e-02
4360.00 1.659494167253332e-02
4370.00 1.649250444339548e-02
4380.00 1.639202139134076e-02
4390.00 1.629345871828078e-02
4400.00 1.619678340646380e-02
4410.00 1.610196319899298e-02
4420.00 1.600896658088973e-02
4430.00 1.591776276068578e-02
4440.00 1.582832165252774e-02
4450.00 1.574061385877885e-02
4460.00 1.565461065310256e-02
4470.00 1.557028396401367e-02
4480.00 1.548760635888300e-02
4490.00 1.540655102838155e-02
4500.00 1.532709177135167e-02
4510.00 1.524920298009177e-02
4520.00 1.517285962604283e-02
4530.00 1.509803724586430e-02
4540.00 1.502471192788828e-02
4550.00 1.495286029894038e-02
4560.00 1.488245951151664e-02
4570.00 1.481348723130607e-02
4580.00 1.474592162504850e-02
4590.00 1.467974134871802e-02
4600.00 1.461492553602245e-02
4610.00 1.455145378720956e-02
4620.00 1.448930615817128e-02
4630.00 1.442846314983699e-02
4640.00 1.436890569784778e-02
4650.00 1.431061516250335e-02
4660.00 1.425357331897377e-02
4670.00 1.419776234776846e-02
4680.00 1.414316482545510e-02
4690.00 1.408976371562106e-02
4700.00 1.403754236007069e-02
4710.00 1.398648447025164e-02
4720.00 1.393657411890353e-02
4730.00 1.388779573192303e-02
4740.00 1.384013408043877e-02
4750.00 1.379357427309051e-02
4760.00 1.374810174850660e-02
4770.00 1.370370226797424e-02
4780.00 1.366036190829712e-02
4790.00 1.361806705483507e-02
4800.00 1.357680439472086e-02
4810.00 1.353656091024897e-02
4820.00 1.349732387243165e-02
4830.00 1.345908083471772e-02
4840.00 1.342181962686929e-02
4850.00 1.338552834899245e-02
4860.00 1.335019536571731e-02
4870.00 1.331580930052344e-02
4880.00 1.328235903020676e-02
4890.00 1.324983367948388e-02
4900.00 1.321822261573012e-02
4910.00 1.318751544384772e-02
4920.00 1.315770200126052e-02
4930.00 1.312877235303169e-02
4940.00 1.310071678710128e-02
4950.00 1.307352580964015e-02
4960.00 1.304719014051734e-02
4970.00 1.302170070887763e-02
4980.00 1.299704864882647e-02
4990.00 1.297322529521926e-02
5000.00 1.295022217955221e-02
5010.00 1.292803102595220e-02
5020.00 1.290664374726268e-02
5030.00 1.288605244122342e-02
5040.00 1.286624938674125e-02
5050.00 1.284722704024964e-02
5060.00 1.282897803215456e-02
5070.00 1.281149516336447e-02
5080.00 1.279477140190214e-02
5090.00 1.277879987959612e-02
5100.00 1.276357388884982e-02
5110.00 1.274908687948605e-02
5120.00 1.273533245566511e-02
5130.00 1.272230437287456e-02
5140.00 1.270999653498856e-02
5150.00 1.269840299139522e-02
5160.00 1.268751793418991e-02
5170.00 1.267733569543316e-02
5180.00 1.266785074447096e-02
5190.00 1.265905768531641e-02
5200.00 1.265095125409060e-02
5210.00 1.264352631652148e-02
5220.00 1.263677786549919e-02
5230.00 1.263070101868622e-02
5240.00 1.262529101618114e-02
5250.00 1.262054321823444e-02
5260.00 1.261645310301509e-02
5270.00 1.261301626442660e-02
5280.00 1.261022840997125e-02
5290.00 1.260808535866122e-02
5300.00 1.260658303897536e-02
5310.00 1.260571748686063e-02
5320.00 1.260548484377681e-02
5330.00 1.260588135478347e-02
5340.00 1.260690336666815e-02
5350.00 1.260854732611455e-02
5360.00 1.261080977790992e-02
5370.00 1.261368736319040e-02
5380.00 1.261717681772337e-02
5390.00 1.262127497022616e-02
5400.00 1.262597874071963e-02
5410.00 1.263128513891631e-02
5420.00 1.263719126264168e-02
5430.00 1.264369429628819e-02
5440.00 1.265079150930080e-02
5450.00 1.265848025469346e-02
5460.00 1.266675796759568e-02
5470.00 1.267562216382830e-02
5480.00 1.268507043850788e-02
5490.00 1.269510046467878e-02
5500.00 1.270570999197239e-02
5510.00 1.271689684529267e-02
5520.00 1.272865892352738e-02
5530.00 1.274099419828426e-02
5540.00 1.275390071265165e-02
5550.00 1.276737657998274e-02
5560.00 1.278141998270291e-02
5570.00 1.279602917113965e-02
5580.00 1.281120246237421e-02
5590.00 1.282693823911470e-02
5600.00 1.284323494858981e-02
5610.00 1.286009110146286e-02
5620.00 1.287750527076536e-02
5630.00 1.289547609084986e-02
5640.00 1.291400225636128e-02
5650.00 1.293308252122641e-02
5660.00 1.295271569766105e-02
5670.00 1.297290065519433e-02
5680.00 1.299363631970965e-02
5690.00 1.301492167250187e-02
5700.00 1.303675574935035e-02
5710.00 1.305913763960722e-02
5720.00 1.308206648530075e-02
5730.00 1.310554148025304e-02
5740.00 1.312956186921196e-02
5750.00 1.315412694699675e-02
5760.00 1.317923605765695e-02
5770.00 1.320488859364427e-02
5780.00 1.323108399499706e-02
5790.00 1.325782174853693e-02
5800.00 1.328510138707740e-02
5810.00 1.331292248864378e-02
5820.00 1.334128467570459e-02
5830.00 1.337018761441348e-02
5840.00 1.339963101386192e-02
5850.00 1.342961462534198e-02
5860.00 1.346013824161911e-02
5870.00 1.349120169621435e-02
5880.00 1.352280486269605e-02
5890.00 1.355494765398045e-02
5900.00 1.358763002164108e-02
5910.00 1.362085195522655e-02
5920.00 1.365461348158654e-02
5930.00 1.368891466420581e-02
5940.00 1.372375560254569e-02
5950.00 1.375913643139312e-02
5960.00 1.379505732021678e-02
5970.00 1.383151847253013e-02
5980.00 1.386852012526124e-02
5990.00 1.390606254812884e-02
6000.00 1.394414604302483e-02
6010.00 1.398277094340259e-02
6020.00 1.402193761367121e-02
6030.00 1.406164644859518e-02
6040.00 1.410189787269944e-02
6050.00 1.414269233967972e-02
6060.00 1.418403033181752e-02
6070.00 1.422591235940023e-02
6080.00 1.426833896014546e-02
6090.00 1.431131069862997e-02
6100.00 1.435482816572263e-02
6110.00 1.439889197802152e-02
6120.00 1.444350277729476e-02
6130.00 1.448866122992505e-02
6140.00 1.453436802635762e-02
6150.00 1.458062388055163e-02
6160.00 1.462742952943459e-02
6170.00 1.467478573235988e-02
6180.00 1.472269327056705e-02
6190.00 1.477115294664484e-02
6200.00 1.482016558399681e-02
6210.00 1.486973202630914e-02
6220.00 1.491985313702101e-02
6230.00 1.497052979879689e-02
6240.00 1.502176291300075e-02
6250.00 1.507355339917235e-02
6260.00 1.512590219450503e-02
6270.00 1.517881025332520e-02
6280.00 1.523227854657328e-02
6290.00 1.528630806128592e-02
6300.00 1.534089980007954e-02
6310.00 1.539605478063490e-02
6320.00 1.545177403518271e-02
6330.00 1.550805860999009e-02
6340.00 1.556490956484776e-02
6350.00 1.562232797255810e-02
6360.00 1.568031491842344e-02
6370.00 1.573887149973515e-02
6380.00 1.579799882526286e-02
6390.00 1.585769801474409e-02
6400.00 1.591797019837392e-02
6410.00 1.597881651629492e-02
6420.00 1.604023811808688e-02
6430.00 1.610223616225665e-02
6440.00 1.616481181572762e-02
6450.00 1.622796625332905e-02
6460.00 1.629170065728509e-02
6470.00 1.635601621670320e-02
6480.00 1.642091412706243e-02
6490.00 1.648639558970073e-02
6500.00 1.655246181130190e-02
6510.00 1.661911400338182e-02
6520.00 1.668635338177372e-02
6530.00 1.675418116611296e-02
6540.00 1.682259857932049e-02
6550.00 1.689160684708573e-02
6560.00 1.696120719734827e-02
6570.00 1.703140085977851e-02
6580.00 1.710218906525717e-02
6590.00 1.717357304535373e-02
6600.00 1.724555403180350e-02
6610.00 1.731813325598358e-02
6620.00 1.739131194838736e-02
6630.00 1.746509133809779e-02
6640.00 1.753947265225917e-02
6650.00 1.761445711554751e-02
6660.00 1.769004594963953e-02
6670.00 1.776624037267996e-02
6680.00 1.784304159874745e-02
6690.00 1.792045083731891e-02
6700.00 1.799846929273210e-02
6710.00 1.807709816364678e-02
6720.00 1.815633864250412e-02
6730.00 1.823619191498435e-02
6740.00 1.831665915946296e-02
6750.00 1.839774154646489e-02
6760.00 1.847944023811718e-02
6770.00 1.856175638759982e-02
6780.00 1.864469113859488e-02
6790.00 1.872824562473377e-02
6800.00 1.881242096904282e-02
6810.00 1.889721828338703e-02
6820.00 1.898263866791203e-02
6830.00 1.906868321048428e-02
6840.00 1.915535298612941e-02
6850.00 1.924264905646885e-02
6860.00 1.933057246915459e-02
6870.00 1.941912425730217e-02
6880.00 1.950830543892199e-02
6890.00 1.959811701634868e-02
6900.00 1.968855997566886e-02
6910.00 1.977963528614708e-02
6920.00 1.987134389965005e-02
6930.00 1.996368675006914e-02
6940.00 2.005666475274122e-02
6950.00 2.015027880386779e-02
6960.00 2.024452977993248e-02
6970.00 2.033941853711695e-02
6980.00 2.043494591071508e-02
6990.00 2.053111271454576e-02
7000.00 2.062791974036405e-02
7010.00 2.072536775727076e-02
7020.00 2.082345751112074e-02
7030.00 2.092218972392954e-02
7040.00 2.102156509327889e-02
7050.00 2.112158429172059e-02
7060.00 2.122224796617930e-02
7070.00 2.132355673735393e-02
7080.00 2.142551119911789e-02
7090.00 2.152811191791812e-02
7100.00 2.163135943217299e-02
7110.00 2.173525425166930e-02
7120.00 2.183979685695796e-02
7130.00 2.194498769874905e-02
7140.00 2.205082719730576e-02
7150.00 2.215731574183758e-02
7160.00 2.226445368989275e-02
7170.00 2.237224136674994e-02
7180.00 2.248067906480935e-02
7190.00 2.258976704298319e-02
7200.00 2.269950552608572e-02
7210.00 2.280989470422284e-02
7220.00 2.292093473218131e-02
7230.00 2.303262572881771e-02
7240.00 2.314496777644728e-02
7250.00 2.325796092023250e-02
7260.00 2.337160516757177e-02
7270.00 2.348590048748811e-02
7280.00 2.360084681001794e-02
7290.00 2.371644402560023e-02
7300.00 2.383269198446578e-02
7310.00 2.394959049602709e-02
7320.00 2.406713932826862e-02
7330.00 2.418533820713774e-02
7340.00 2.430418681593628e-02
7350.00 2.442368479471299e-02
7360.00 2.454383173965681e-02
7370.00 2.466462720249122e-02
7380.00 2.478607068986961e-02
7390.00 2.490816166277204e-02
7400.00 2.503089953590304e-02
7410.00 2.515428367709118e-02
7420.00 2.527831340668992e-02
7430.00 2.540298799698027e-02
7440.00 2.552830667157522e-02
7450.00 2.565426860482596e-02
7460.00 2.578087292123028e-02
7470.00 2.590811869484291e-02
7480.00 2.603600494868835e-02
7490.00 2.616453065417587e-02
7500.00 2.629369473051712e-02
7510.00 2.642349604414641e-02
7520.00 2.655393340814365e-02
7530.00 2.668500558166026e-02
7540.00 2.681671126934812e-02
7550.00 2.694904912079155e-02
7560.00 2.708201772994282e-02
7570.00 2.721561563456083e-02
7580.00 2.734984131565349e-02
7590.00 2.748469319692389e-02
7600.00 2.762016964422008e-02
7610.00 2.775626896498907e-02
7620.00 2.789298940773480e-02
7630.00 2.803032916148052e-02
7640.00 2.816828635523547e-02
7650.00 2.830685905746614e-02
7660.00 2.844604527557234e-02
7670.00 2.858584295536806e-02
7680.00 2.872624998056728e-02
7690.00 2.886726417227507e-02
7700.00 2.900888328848392e-02
7710.00 2.915110502357553e-02
7720.00 2.929392700782834e-02
7730.00 2.943734680693058e-02
7740.00 2.958136192149955e-02
7750.00 2.972596978660676e-02
7760.00 2.987116777130942e-02
7770.00 3.001695317818828e-02
7780.00 3.016332324289210e-02
7790.00 3.031027513368864e-02
7800.00 3.045780595102291e-02
7810.00 3.060591272708194e-02
7820.00 3.075459242536721e-02
7830.00 3.090384194027414e-02
7840.00 3.105365809667925e-02
7850.00 3.120403764953491e-02
7860.00 3.135497728347199e-02
7870.00 3.150647361241046e-02
7880.00 3.165852317917818e-02
7890.00 3.181112245513812e-02
7900.00 3.196426783982378e-02
7910.00 3.211795566058362e-02
7920.00 3.227218217223402e-02
7930.00 3.242694355672139e-02
7940.00 3.258223592279334e-02
7950.00 3.273805530567916e-02
7960.00 3.289439766677977e-02
7970.00 3.305125889336731e-02
7980.00 3.320863479829447e-02
7990.00 3.336652111971384e-02
8000.00 3.352491352080727e-02
8010.00 3.368380758952558e-02
8020.00 3.384319883833864e-02
8030.00 3.400308270399612e-02
8040.00 3.416345454729883e-02
8050.00 3.432430965288107e-02
8060.00 3.448564322900408e-02
8070.00 3.464745040736055e-02
8080.00 3.480972624289061e-02
8090.00 3.497246571360929e-02
8100.00 3.513566372044577e-02
8110.00 3.529931508709417e-02
8120.00 3.546341455987658e-02
8130.00 3.562795680761819e-02
8140.00 3.579293642153453e-02
8150.00 3.595834791513117e-02
8160.00 3.612418572411624e-02
8170.00 3.629044420632509e-02
8180.00 3.645711764165851e-02
8190.00 3.662420023203324e-02
8200.00 3.679168610134616e-02
8210.00 3.695956929545133e-02
8220.00 3.712784378215068e-02
8230.00 3.729650345119813e-02
8240.00 3.746554211431734e-02
8250.00 3.763495350523330e-02
8260.00 3.780473127971772e-02
8270.00 3.797486901564871e-02
8280.00 3.814536021308425e-02
8290.00 3.831619829435025e-02
8300.00 3.848737660414280e-02
8310.00 3.865888840964515e-02
8320.00 3.883072690065898e-02
8330.00 3.900288518975074e-02
8340.00 3.917535631241256e-02
8350.00 3.934813322723836e-02
8360.00 3.952120881611473e-02
8370.00 3.969457588442714e-02
8380.00 3.986822716128135e-02
8390.00 4.004215529974009e-02
8400.00 4.021635287707526e-02
8410.00 4.039081239503559e-02
8420.00 4.056552628012976e-02
8430.00 4.074048688392551e-02
8440.00 4.091568648336417e-02
8450.00 4.109111728109127e-02
8460.00 4.126677140580283e-02
8470.00 4.144264091260774e-02
8480.00 4.161871778340624e-02
8490.00 4.179499392728429e-02
8500.00 4.197146118092411e-02
8510.00 4.214811130903123e-02
8520.00 4.232493600477737e-02
8530.00 4.250192689025978e-02
8540.00 4.267907551697707e-02
8550.00 4.285637336632108e-02
8560.00 4.303381185008544e-02
8570.00 4.321138231099051e-02
8580.00 4.338907602322466e-02
8590.00 4.356688419300210e-02
8600.00 4.374479795913733e-02
8610.00 4.392280839363583e-02
8620.00 4.410090650230165e-02
8630.00 4.427908322536114e-02
8640.00 4.445732943810348e-02
8650.00 4.463563595153756e-02
8660.00 4.481399351306570e-02
8670.00 4.499239280717336e-02
8680.00 4.517082445613570e-02
8690.00 4.534927902074072e-02
8700.00 4.552774700102846e-02
8710.00 4.570621883704686e-02
8720.00 4.588468490962396e-02
8730.00 4.606313554115644e-02
8740.00 4.624156099641442e-02
8750.00 4.641995148336256e-02
8760.00 4.659829715399728e-02
8770.00 4.677658810520024e-02
8780.00 4.695481437960763e-02
8790.00 4.713296596649585e-02
8800.00 4.731103280268283e-02
8810.00 4.748900477344523e-02
8820.00 4.766687171345149e-02
8830.00 4.784462340771069e-02
8840.00 4.802224959253661e-02
8850.00 4.819973995652771e-02
8860.00 4.837708414156232e-02
8870.00 4.855427174380900e-02
8880.00 4.873129231475237e-02
8890.00 4.890813536223368e-02
8900.00 4.908479035150661e-02
8910.00 4.926124670630766e-02
8920.00 4.943749380994129e-02
8930.00 4.961352100637972e-02
8940.00 4.978931760137702e-02
8950.00 4.996487286359735e-02
8960.00 5.014017602575763e-02
8970.00 5.031521628578390e-02
8980.00 5.048998280798159e-02
8990.00 5.066446472421923e-02
9000.00 5.083865113512595e-02
9010.00 5.101253111130208e-02
9020.00 5.118609369454274e-02
9030.00 5.135932789907460e-02
9040.00 5.153222271280512e-02
9050.00 5.170476709858460e-02
9060.00 5.187694999548035e-02
9070.00 5.204876032006314e-02
9080.00 5.222018696770531e-02
9090.00 5.239121881389110e-02
9100.00 5.256184471553802e-02
9110.00 5.273205351232968e-02
9120.00 5.290183402805966e-02
9130.00 5.307117507198624e-02
9140.00 5.324006544019768e-02
9150.00 5.340849391698787e-02
9160.00 5.357644927624192e-02
9170.00 5.374392028283206e-02
9180.00 5.391089569402265e-02
9190.00 5.407736426088471e-02
9200.00 5.424331472971981e-02
9210.00 5.440873584349226e-02
9220.00 5.457361634327054e-02
9230.00 5.473794496967621e-02
9240.00 5.490171046434163e-02
9250.00 5.506490157137495e-02
9260.00 5.522750703883256e-02
9270.00 5.538951562019898e-02
9280.00 5.555091607587326e-02
9290.00 5.571169717466243e-02
9300.00 5.587184769528059e-02
9310.00 5.603135642785477e-02
9320.00 5.619021217543575e-02
9330.00 5.634840375551473e-02
9340.00 5.650592000154487e-02
9350.00 5.666274976446759e-02
9360.00 5.681888191424336e-02
9370.00 5.697430534138651e-02
9380.00 5.712900895850409e-02
9390.00 5.728298170183783e-02
9400.00 5.743621253280945e-02
9410.00 5.758869043956896e-02
9420.00 5.774040443854499e-02
9430.00 5.789134357599781e-02
9440.00 5.804149692957368e-02
9450.00 5.819085360986092e-02
9460.00 5.833940276194733e-02
9470.00 5.848713356697776e-02
9480.00 5.863403524371286e-02
9490.00 5.878009705008753e-02
9500.00 5.892530828476906e-02
9510.00 5.906965828871503e-02
9520.00 5.921313644672997e-02
9530.00 5.935573218902085e-02
9540.00 5.949743499275085e-02
9550.00 5.963823438359118e-02
9560.00 5.977811993727071e-02
9570.00 5.991708128112261e-02
9580.00 6.005510809562793e-02
9590.00 6.019219011595613e-02
9600.00 6.032831713350147e-02
9610.00 6.046347899741541e-02
9620.00 6.059766561613422e-02
9630.00 6.073086695890257e-02
9640.00 6.086307305729090e-02
9650.00 6.099427400670777e-02
9660.00 6.112445996790629e-02
9670.00 6.125362116848403e-02
9680.00 6.138174790437669e-02
9690.00 6.150883054134412e-02
9700.00 6.163485951644986e-02
9710.00 6.175982533953207e-02
9720.00 6.188371859466717e-02
9730.00 6.200652994162455e-02
9740.00 6.212825011731285e-02
9750.00 6.224886993721677e-02
9760.00 6.236838029682492e-02
9770.00 6.248677217304725e-02
9780.00 6.260403662562301e-02
9790.00 6.272016479851750e-02
9800.00 6.283514792130859e-02
9810.00 6.294897731056152e-02
9820.00 6.306164437119285e-02
9830.00 6.317314059782170e-02
9840.00 6.328345757610962e-02
9850.00 6.339258698408741e-02
9860.00 6.350052059346920e-02
9870.00 6.360725027095353e-02
9880.00 6.371276797951077e-02
9890.00 6.381706577965673e-02
9900.00 6.392013583071215e-02
9910.00 6.402197039204778e-02
9920.00 6.412256182431464e-02
9930.00 6.422190259065941e-02
9940.00 6.431998525792386e-02
9950.00 6.441680249782938e-02
9960.00 6.451234708814514e-02
9970.00 6.460661191383987e-02
9980.00 6.469958996821734e-02
9990.00 6.479127435403481e-02
10000.00 6.488165828460461e-02
10010.00 6.497073508487793e-02
10020.00 6.505849819251137e-02
10030.00 6.514494115891524e-02
10040.00 6.523005765028375e-02
10050.00 6.531384144860697e-02
10060.00 6.539628645266343e-02
10070.00 6.547738667899464e-02
10080.00 6.555713626285964e-02
10090.00 6.563552945917056e-02
10100.00 6.571256064340827e-02
10110.00 6.578822431251813e-02
10120.00 6.586251508578561e-02
10130.00 6.593542770569193e-02
10140.00 6.600695703874818e-02
10150.00 6.607709807630983e-02
10160.00 6.614584593536940e-02
10170.00 6.621319585932813e-02
10180.00 6.627914321874666e-02
10190.00 6.634368351207365e-02
10200.00 6.640681236635268e-02
10210.00 6.646852553790798e-02
10220.00 6.652881891300681e-02
10230.00 6.658768850850089e-02
10240.00 6.664513047244448e-02
10250.00 6.670114108469014e-02
10260.00 6.675571675746229e-02
10270.00 6.680885403590714e-02
10280.00 6.686054959862028e-02
10290.00 6.691080025815062e-02
10300.00 6.695960296148196e-02
10310.00 6.700695479049006e-02
10320.00 6.705285296237722e-02
10330.00 6.709729483008295e-02
10340.00 6.714027788267117e-02
10350.00 6.718179974569327e-02
10360.00 6.722185818152801e-02
10370.00 6.726045108969687e-02
10380.00 6.729757650715588e-02
10390.00 6.733323260856373e-02
10400.00 6.736741770652488e-02
10410.00 6.740013025180944e-02
10420.00 6.743136883354837e-02
10430.00 6.746113217940511e-02
10440.00 6.748941915572219e-02
10450.00 6.751622876764407e-02
10460.00 6.754156015921600e-02
10470.00 6.756541261345779e-02
10480.00 6.758778555241435e-02
10490.00 6.760867853718103e-02
10500.00 6.762809126790532e-02
10510.00 6.764602358376437e-02
10520.00 6.766247546291776e-02
10530.00 6.767744702243658e-02
10540.00 6.769093851820819e-02
10550.00 6.770295034481720e-02
10560.00 6.771348303540199e-02
10570.00 6.772253726148734e-02
10580.00 6.773011383279351e-02
10590.00 6.773621369702111e-02
10600.00 6.774083793961247e-02
10610.00 6.774398778348897e-02
10620.00 6.774566458876533e-02
10630.00 6.774586985243992e-02
10640.00 6.774460520806198e-02
10650.00 6.774187242537541e-02
10660.00 6.773767340993962e-02
10670.00 6.773201020272702e-02
10680.00 6.772488497969797e-02
10690.00 6.771630005135243e-02
10700.00 6.770625786225987e-02
10710.00 6.769476099056562e-02
10720.00 6.768181214747596e-02
10730.00 6.766741417671963e-02
10740.00 6.765157005398936e-02
10750.00 6.763428288635928e-02
10760.00 6.761555591168272e-02
10770.00 6.759539249796667e-02
10780.00 6.757379614272647e-02
10790.00 6.755077047231893e-02
10800.00 6.752631924125367e-02
10810.00 6.750044633148486e-02
10820.00 6.747315575168232e-02
10830.00 6.744445163648159e-02
10840.00 6.741433824571473e-02
10850.00 6.738281996362093e-02
10860.00 6.734990129803721e-02
10870.00 6.731558687957051e-02
10880.00 6.727988146074991e-02
10890.00 6.724278991516017e-02
10900.00 6.720431723655679e-02
10910.00 6.716446853796232e-02
10920.00 6.712324905074470e-02
10930.00 6.708066412367802e-02
10940.00 6.703671922198470e-02
10950.00 6.699141992636161e-02
10960.00 6.694477193198790e-02
10970.00 6.689678104751658e-02
10980.00 6.684745319404971e-02
10990.00 6.679679440409692e-02
11000.00 6.674481082051820e-02
11010.00 6.669150869545085e-02
11020.00 6.663689438922113e-02
11030.00 6.658097436924100e-02
11040.00 6.652375520888980e-02
11050.00 6.646524358638098e-02
11060.00 6.640544628361628e-02
11070.00 6.634437018502361e-02
11080.00 6.628202227638372e-02
11090.00 6.621840964364187e-02
11100.00 6.615353947170755e-02
11110.00 6.608741904324113e-02
11120.00 6.602005573742831e-02
11130.00 6.595145702874267e-02
11140.00 6.588163048569647e-02
11150.00 6.581058376957996e-02
11160.00 6.573832463319021e-02
11170.00 6.566486091954836e-02
11180.00 6.559020056060769e-02
11190.00 6.551435157595042e-02
11200.00 6.543732207147611e-02
11210.00 6.535912023807940e-02
11220.00 6.527975435031982e-02
11230.00 6.519923276508223e-02
11240.00 6.511756392022973e-02
11250.00 6.503475633324710e-02
11260.00 6.495081859987861e-02
11270.00 6.486575939275653e-02
11280.00 6.477958746002380e-02
11290.00 6.469231162395042e-02
11300.00 6.460394077954183e-02
11310.00 6.451448389314333e-02
11320.00 6.442395000103775e-02
11330.00 6.433234820803785e-02
11340.00 6.423968768607434e-02
11350.00 6.414597767277888e-02
11360.00 6.405122747006266e-02
11370.00 6.395544644269209e-02
11380.00 6.385864401685921e-02
11390.00 6.376082967875048e-02
11400.00 6.366201297311186e-02
11410.00 6.356220350181131e-02
11420.00 6.346141092239932e-02
11430.00 6.335964494666753e-02
11440.00 6.325691533920555e-02
11450.00 6.315323191595691e-02
11460.00 6.304860454277360e-02
11470.00 6.294304313397038e-02
11480.00 6.283655765087910e-02
11490.00 6.272915810040236e-02
11500.00 6.262085453356822e-02
11510.00 6.251165704408546e-02
11520.00 6.240157576689955e-02
11530.00 6.229062087675059e-02
11540.00 6.217880258673234e-02
11550.00 6.206613114685346e-02
11560.00 6.195261684260111e-02
11570.00 6.183826999350723e-02
11580.00 6.172310095171731e-02
11590.00 6.160712010056291e-02
11600.00 6.149033785313725e-02
11610.00 6.137276465087470e-02
11620.00 6.125441096213492e-02
11630.00 6.113528728079023e-02
11640.00 6.101540412481900e-02
11650.00 6.089477203490299e-02
11660.00 6.077340157303038e-02
11670.00 6.065130332110428e-02
11680.00 6.052848787955704e-02
11690.00 6.040496586597058e-02
11700.00 6.028074791370332e-02
11710.00 6.015584467052282e-02
11720.00 6.003026679724711e-02
11730.00 5.990402496639113e-02
11740.00 5.977712986082127e-02
11750.00 5.964959217241913e-02
11760.00 5.952142260075009e-02
11770.00 5.939263185174285e-02
11780.00 5.926323063637551e-02
11790.00 5.913322966937168e-02
11800.00 5.900263966790380e-02
11810.00 5.887147135030722e-02
11820.00 5.873973543480249e-02
11830.00 5.860744263822758e-02
11840.00 5.847460367477927e-02
11850.00 5.834122925476590e-02
11860.00 5.820733008336838e-02
11870.00 5.807291685941336e-02
11880.00 5.793800027415522e-02
11890.00 5.780259101007071e-02
11900.00 5.766669973966311e-02
11910.00 5.753033712427769e-02
11920.00 5.739351381292940e-02
11930.00 5.725624044114132e-02
11940.00 5.711852762979462e-02
11950.00 5.698038598399125e-02
11960.00 5.684182609192778e-02
11970.00 5.670285852378182e-02
11980.00 5.656349383061055e-02
11990.00 5.642374254326248e-02
12000.00 5.628361517130081e-02
12010.00 5.614312220194036e-02
12020.00 5.600227409899696e-02
12030.00 5.586108130185019e-02
12040.00 5.571955422441940e-02
12050.00 5.557770325415284e-02
12060.00 5.543553875103026e-02
12070.00 5.529307104657914e-02
12080.00 5.515031044290497e-02
12090.00 5.500726721173443e-02
12100.00 5.486395159347360e-02
12110.00 5.472037379627916e-02
12120.00 5.457654399514470e-02
12130.00 5.443247233100047e-02
12140.00 5.428816890982723e-02
12150.00 5.414364380178577e-02
12160.00 5.399890704035960e-02
12170.00 5.385396862151223e-02
12180.00 5.370883850286058e-02
12190.00 5.356352660286075e-02
12200.00 5.341804280001036e-02
12210.00 5.327239693206519e-02
12220.00 5.312659879527019e-02
12230.00 5.298065814360612e-02
12240.00 5.283458468805079e-02
12250.00 5.268838809585488e-02
12260.00 5.254207798983414e-02
12270.00 5.239566394767511e-02
12280.00 5.224915550125693e-02
12290.00 5.210256213598830e-02
12300.00 5.195589329015877e-02
12310.00 5.180915835430636e-02
12320.00 5.166236667059954e-02
12330.00 5.151552753223498e-02
12340.00 5.136865018285017e-02
12350.00 5.122174381595149e-02
12360.00 5.107481757435751e-02
12370.00 5.092788054965715e-02
12380.00 5.078094178168415e-02
12390.00 5.063401025800542e-02
12400.00 5.048709491342567e-02
12410.00 5.034020462950653e-02
12420.00 5.019334823410140e-02
12430.00 5.004653450090554e-02
12440.00 4.989977214902025e-02
12450.00 4.975306984253412e-02
12460.00 4.960643619011720e-02
12470.00 4.945987974463176e-02
12480.00 4.931340900275771e-02
12490.00 4.916703240463273e-02
12500.00 4.902075833350747e-02
12510.00 4.887459511541615e-02
12520.00 4.872855101886078e-02
12530.00 4.858263425451183e-02
12540.00 4.843685297492251e-02
12550.00 4.829121527425814e-02
12560.00 4.814572918804005e-02
12570.00 4.800040269290405e-02
12580.00 4.785524370637394e-02
12590.00 4.771026008664869e-02
12600.00 4.756545963240434e-02
12610.00 4.742085008261080e-02
12620.00 4.727643911636162e-02
12630.00 4.713223435271959e-02
12640.00 4.698824335057485e-02
12650.00 4.684447360851820e-02
12660.00 4.670093256472790e-02
12670.00 4.655762759687004e-02
12680.00 4.641456602201351e-02
12690.00 4.627175509655790e-02
12700.00 4.612920201617540e-02
12710.00 4.598691391576642e-02
12720.00 4.584489786942789e-02
12730.00 4.570316089043587e-02
12740.00 4.556170993124092e-02
12750.00 4.542055188347641e-02
12760.00 4.527969357798061e-02
12770.00 4.513914178483108e-02
12780.00 4.499890321339239e-02
12790.00 4.485898451237613e-02
12800.00 4.471939226991423e-02
12810.00 4.458013301364478e-02
12820.00 4.444121321080921e-02
12830.00 4.430263926836392e-02
12840.00 4.416441753310210e-02
12850.00 4.402655429178910e-02
12860.00 4.388905577130947e-02
12870.00 4.375192813882563e-02
12880.00 4.361517750194890e-02
12890.00 4.347880990892198e-02
12900.00 4.334283134881335e-02
12910.00 4.320724775172279e-02
12920.00 4.307206498899881e-02
12930.00 4.293728887346716e-02
12940.00 4.280292515967032e-02
12950.00 4.266897954411890e-02
12960.00 4.253545766555275e-02
12970.00 4.240236510521479e-02
12980.00 4.226970738713344e-02
12990.00 4.213748997841783e-02
13000.00 4.200571828956194e-02
13010.00 4.187439767476041e-02
13020.00 4.174353343223385e-02
13030.00 4.161313080456481e-02
13040.00 4.148319497904418e-02
13050.00 4.135373108802683e-02
13060.00 4.122474420929791e-02
13070.00 4.109623936644864e-02
13080.00 4.096822152926224e-02
13090.00 4.084069561410870e-02
13100.00 4.071366648434979e-02
13110.00 4.058713895075321e-02
13120.00 4.046111777191601e-02
13130.00 4.033560765469763e-02
13140.00 4.021061325466137e-02
13150.00 4.008613917652548e-02
13160.00 3.996218997462275e-02
13170.00 3.983877015336938e-02
13180.00 3.971588416774233e-02
13190.00 3.959353642376494e-02
13200.00 3.947173127900207e-02
13210.00 3.935047304306274e-02
13220.00 3.922976597811132e-02
13230.00 3.910961429938763e-02
13240.00 3.899002217573472e-02
13250.00 3.887099373013447e-02
13260.00 3.875253304025184e-02
13270.00 3.863464413898667e-02
13280.00 3.851733101503359e-02
13290.00 3.840059761344942e-02
13300.00 3.828444783622850e-02
13310.00 3.816888554288573e-02
13320.00 3.805391455104646e-02
13330.00 3.793953863704526e-02
13340.00 3.782576153653042e-02
13350.00 3.771258694507735e-02
13360.00 3.760001851880781e-02
13370.00 3.748805987501799e-02
13380.00 3.737671459281167e-02
13390.00 3.726598621374282e-02
13400.00 3.715587824246345e-02
13410.00 3.704639414737906e-02
13420.00 3.693753736131132e-02
13430.00 3.682931128216686e-02
13440.00 3.672171927361408e-02
13450.00 3.661476466576541e-02
13460.00 3.650845075586714e-02
13470.00 3.640278080899606e-02
13480.00 3.629775805876197e-02
13490.00 3.619338570801790e-02
13500.00 3.608966692957601e-02
13510.00 3.598660486693046e-02
13520.00 3.588420263498706e-02
13530.00 3.578246332079895e-02
13540.00 3.568138998430882e-02
13550.00 3.558098565909865e-02
13560.00 3.548125335314430e-02
13570.00 3.538219604957756e-02
13580.00 3.528381670745487e-02
13590.00 3.518611826253151e-02
13600.00 3.508910362804332e-02
13610.00 3.499277569549398e-02
13620.00 3.489713733544956e-02
13630.00 3.480219139833890e-02
13640.00 3.470794071526055e-02
13650.00 3.461438809879649e-02
13660.00 3.452153634383253e-02
13670.00 3.442938822838430e-02
13680.00 3.433794651443111e-02
13690.00 3.424721394875509e-02
13700.00 3.415719326378810e-02
13710.00 3.406788717846466e-02
13720.00 3.397929839908156e-02
13730.00 3.389142962016461e-02
13740.00 3.380428352534204e-02
13750.00 3.371786278822416e-02
13760.00 3.363217007329127e-02
13770.00 3.354720803678699e-02
13780.00 3.346297932761991e-02
13790.00 3.337948658827154e-02
13800.00 3.329673245571190e-02
13810.00 3.321471956232200e-02
13820.00 3.313345053682418e-02
13830.00 3.305292800521924e-02
13840.00 3.297315459173198e-02
13850.00 3.289413291976334e-02
13860.00 3.281586561285088e-02
13870.00 3.273835529563732e-02
13880.00 3.266160459484670e-02
13890.00 3.258561614026845e-02
13900.00 3.251039256574988e-02
13910.00 3.243593651019720e-02
13920.00 3.236225061858455e-02
13930.00 3.228933754297246e-02
13940.00 3.221719994353384e-02
13950.00 3.214584048958967e-02
13960.00 3.207526186065415e-02
13970.00 3.200546674748769e-02
13980.00 3.193645785316092e-02
13990.00 3.186823789412706e-02
14000.00 3.180080960130474e-02
14010.00 3.173417572117014e-02
14020.00 3.166833901685984e-02
14030.00 3.160330226928409e-02
14040.00 3.153906827824960e-02
14050.00 3.147563986359431e-02
14060.00 3.141301986633272e-02
14070.00 3.135121114981163e-02
14080.00 3.129021660087882e-02
14090.00 3.123003913106231e-02
14100.00 3.117068167776134e-02
14110.00 3.111214720545099e-02
14120.00 3.105443870689743e-02
14130.00 3.099755920438722e-02
14140.00 3.094151175096913e-02
14150.00 3.088629943170909e-02
14160.00 3.083192536495915e-02
14170.00 3.077839270364005e-02
14180.00 3.072570463653792e-02
14190.00 3.067386438961592e-02
14200.00 3.062287522734049e-02
14210.00 3.057274045402268e-02
14220.00 3.052346341517529e-02
14230.00 3.047504749888559e-02
14240.00 3.042749613720522e-02
14250.00 3.038081280755558e-02
14260.00 3.033500103415105e-02
14270.00 3.029006438943961e-02
14280.00 3.024600649556101e-02
14290.00 3.020283102582344e-02
14300.00 3.016054170619935e-02
14310.00 3.011914231683990e-02
14320.00 3.007863669360906e-02
14330.00 3.003902872963812e-02
14340.00 3.000032237690084e-02
14350.00 2.996252164780968e-02
14360.00 2.992563061683295e-02
14370.00 2.988965342213556e-02
14380.00 2.985459426724070e-02
14390.00 2.982045742271596e-02
14400.00 2.978724722788282e-02
14410.00 2.975496809255068e-02
14420.00 2.972362449877525e-02
14430.00 2.969322100264317e-02
14440.00 2.966376223608273e-02
14450.00 2.963525290870067e-02
14460.00 2.960769780964755e-02
14470.00 2.958110180951043e-02
14480.00 2.955546986223479e-02
14490.00 2.953080700707553e-02
14500.00 2.950711837057874e-02
14510.00 2.948440916859440e-02
14520.00 2.946268470832064e-02
14530.00 2.944195039038031e-02
14540.00 2.942221171093164e-02
14550.00 2.940347426381225e-02
14560.00 2.938574374271830e-02
14570.00 2.936902594342062e-02
14580.00 2.935332676601563e-02
14590.00 2.933865221721561e-02
14600.00 2.932500841267682e-02
14610.00 2.931240157936673e-02
14620.00 2.930083805797296e-02
14630.00 2.929032430535279e-02
14640.00 2.928086689702511e-02
14650.00 2.927247252970711e-02
14660.00 2.926514802389392e-02
14670.00 2.925890032648569e-02
14680.00 2.925373651346050e-02
14690.00 2.924966379259593e-02
14700.00 2.924668950623947e-02
14710.00 2.924482113413026e-02
14720.00 2.924406629627092e-02
14730.00 2.924443275585482e-02
14740.00 2.924592842224541e-02
14750.00 2.924856135401272e-02
14760.00 2.925233976202697e-02
14770.00 2.925727201260918e-02
14780.00 2.926336663074425e-02
14790.00 2.927063230335350e-02
14800.00 2.927907788263113e-02
14810.00 2.928871238944542e-02
14820.00 2.929954501680578e-02
14830.00 2.931158513339790e-02
14840.00 2.932484228718895e-02
14850.00 2.933932620910336e-02
14860.00 2.935504681677251e-02
14870.00 2.937201421835903e-02
14880.00 2.939023871645798e-02
14890.00 2.940973081207767e-02
14900.00 2.943050120870033e-02
14910.00 2.945256081642612e-02
14920.00 2.947592075620255e-02
14930.00 2.950059236414012e-02
14940.00 2.952658719591847e-02
14950.00 2.955391703128368e-02
14960.00 2.958259387863918e-02
14970.00 2.961262997973414e-02
14980.00 2.964403781444908e-02
14990.00 2.967683010568485e-02
15000.00 2.971101982435423e-02
15010.00 2.974662019448052e-02
15020.00 2.978364469840556e-02
15030.00 2.982210708211064e-02
15040.00 2.986202136065069e-02
15050.00 2.990340182370918e-02
15060.00 2.994626304127179e-02
15070.00 2.999061986942552e-02
15080.00 3.003648745628532e-02
15090.00 3.008388124805097e-02
15100.00 3.013281699519845e-02
15110.00 3.018331075880936e-02
15120.00 3.023537891704086e-02
15130.00 3.028903817174093e-02
15140.00 3.034430555521311e-02
15150.00 3.040119843713197e-02
15160.00 3.045973453161794e-02
15170.00 3.051993190447035e-02
15180.00 3.058180898056717e-02
15190.00 3.064538455143371e-02
15200.00 3.071067778298416e-02
15210.00 3.077770822344344e-02
15220.00 3.084649581145066e-02
15230.00 3.091706088435160e-02
15240.00 3.098942418668312e-02
15250.00 3.106360687885716e-02
15260.00 3.113963054604718e-02
15270.00 3.121751720728428e-02
15280.00 3.129728932476688e-02
15290.00 3.137896981339199e-02
15300.00 3.146258205051161e-02
15310.00 3.154814988592128e-02
15320.00 3.163569765208931e-02
15330.00 3.172525017462832e-02
15340.00 3.181683278302033e-02
15350.00 3.191047132159965e-02
15360.00 3.200619216080118e-02
15370.00 3.210402220868266e-02
15380.00 3.220398892272600e-02
15390.00 3.230612032192712e-02
15400.00 3.241044499918134e-02
15410.00 3.251699213397301e-02
15420.00 3.262579150537852e-02
15430.00 3.273687350538782e-02
15440.00 3.285026915255871e-02
15450.00 3.296601010600757e-02
15460.00 3.308412867975171e-02
15470.00 3.320465785740562e-02
15480.00 3.332763130724957e-02
15490.00 3.345308339767503e-02
15500.00 3.358104921301765e-02
15510.00 3.371156456979324e-02
15520.00 3.384466603334210e-02
15530.00 3.398039093489860e-02
15540.00 3.411877738909425e-02
15550.00 3.425986431190828e-02
15560.00 3.440369143907778e-02
15570.00 3.455029934498175e-02
15580.00 3.469972946200970e-02
15590.00 3.485202410043299e-02
15600.00 3.500722646878904e-02
15610.00 3.516538069479536e-02
15620.00 3.532653184680936e-02
15630.00 3.549072595584599e-02
15640.00 3.565801003817543e-02
15650.00 3.582843211851114e-02
15660.00 3.600204125381019e-02
15670.00 3.617888755770123e-02
15680.00 3.635902222555851e-02
15690.00 3.654249756024305e-02
15700.00 3.672936699852726e-02
15710.00 3.691968513822570e-02
15720.00 3.711350776605118e-02
15730.00 3.731089188621892e-02
15740.00 3.751189574981893e-02
15750.00 3.771657888498249e-02
15760.00 3.792500212786288e-02
15770.00 3.813722765445687e-02
15780.00 3.835331901329174e-02
15790.00 3.857334115900202e-02
15800.00 3.879736048682661e-02
15810.00 3.902544486804880e-02
15820.00 3.925766368641144e-02
15830.00 3.949408787553570e-02
15840.00 3.973478995737278e-02
15850.00 3.997984408172118e-02
15860.00 4.022932606684233e-02
15870.00 4.048331344120561e-02
15880.00 4.074188548640021e-02
15890.00 4.100512328124829e-02
15900.00 4.127310974715517e-02
15910.00 4.154592969473796e-02
15920.00 4.182366987176850e-02
15930.00 4.210641901247306e-02
15940.00 4.239426788823159e-02
15950.00 4.268730935971622e-02
15960.00 4.298563843052174e-02
15970.00 4.328935230232500e-02
15980.00 4.359855043162802e-02
15990.00 4.391333458813245e-02
16000.00 4.423380891479509e-02
16010.00 4.456007998962167e-02
16020.00 4.489225688924853e-02
16030.00 4.523045125437318e-02
16040.00 4.557477735709094e-02
16050.00 4.592535217019873e-02
16060.00 4.628229543852550e-02
16070.00 4.664572975236259e-02
16080.00 4.701578062305253e-02
16090.00 4.739257656080946e-02
16100.00 4.777624915484393e-02
16110.00 4.816693315586532e-02
16120.00 4.856476656104012e-02
16130.00 4.896989070148459e-02
16140.00 4.938245033237439e-02
16150.00 4.980259372575837e-02
16160.00 5.023047276616326e-02
16170.00 5.066624304908167e-02
16180.00 5.111006398243869e-02
16190.00 5.156209889113417e-02
16200.00 5.202251512476375e-02
16210.00 5.249148416862402e-02
16220.00 5.296918175810682e-02
16230.00 5.345578799660609e-02
16240.00 5.395148747704135e-02
16250.00 5.445646940712837e-02
16260.00 5.497092773851990e-02
16270.00 5.549506129994454e-02
16280.00 5.602907393448577e-02
16290.00 5.657317464113062e-02
16300.00 5.712757772074292e-02
16310.00 5.769250292660455e-02
16320.00 5.826817561968504e-02
16330.00 5.885482692879772e-02
16340.00 5.945269391581335e-02
16350.00 6.006201974610206e-02
16360.00 6.068305386438264e-02
16370.00 6.131605217617297e-02
16380.00 6.196127723502529e-02
16390.00 6.261899843575519e-02
16400.00 6.328949221387115e-02
16410.00 6.397304225141567e-02
16420.00 6.466993968945176e-02
16430.00 6.538048334741606e-02
16440.00 6.610497994959383e-02
16450.00 6.684374435895390e-02
16460.00 6.759709981861141e-02
16470.00 6.836537820118521e-02
16480.00 6.914892026633444e-02
16490.00 6.994807592675688e-02
16500.00 7.076320452296474e-02
16510.00 7.159467510713816e-02
16520.00 7.244286673638939e-02
16530.00 7.330816877577889e-02
16540.00 7.419098121142532e-02
16550.00 7.509171497408759e-02
16560.00 7.601079227358695e-02
16570.00 7.694864694446778e-02
16580.00 7.790572480331287e-02
16590.00 7.888248401812370e-02
16600.00 7.987939549022739e-02
16610.00 8.089694324915428e-02
16620.00 8.193562486097040e-02
16630.00 8.299595185056467e-02
16640.00 8.407845013840064e-02
16650.00 8.518366049227305e-02
16660.00 8.631213899463486e-02
16670.00 8.746445752605775e-02
16680.00 8.864120426544934e-02
16690.00 8.984298420764450e-02
16700.00 9.107041969902220e-02
16710.00 9.232415099184255e-02
16720.00 9.360483681798991e-02
16730.00 9.491315498287771e-02
16740.00 9.624980298026770e-02
16750.00 9.761549862880847e-02
16760.00 9.901098073111703e-02
16770.00 1.004370097562759e-01
16780.00 1.018943685466328e-01
16790.00 1.033838630498491e-01
16800.00 1.049063230771701e-01
16810.00 1.064626030889219e-01
16820.00 1.080535830083127e-01
16830.00 1.096801690646171e-01
16840.00 1.113432946669061e-01
16850.00 1.130439213095109e-01
16860.00 1.147830395104634e-01
16870.00 1.165616697842221e-01
16880.00 1.183808636500155e-01
16890.00 1.202417046772380e-01
16900.00 1.221453095693362e-01
16910.00 1.240928292877472e-01
16920.00 1.260854502174544e-01
16930.00 1.281243953758595e-01
16940.00 1.302109256666665e-01
16950.00 1.323463411806208e-01
16960.00 1.345319825449711e-01
16970.00 1.367692323236208e-01
16980.00 1.390595164700493e-01
16990.00 1.414043058351029e-01
17000.00 1.438051177319258e-01
17010.00 1.462635175603453e-01
17020.00 1.487811204931500e-01
17030.00 1.513595932268114e-01
17040.00 1.540006557992736e-01
17050.00 1.567060834776169e-01
17060.00 1.594777087184472e-01
17070.00 1.623174232040690e-01
17080.00 1.652271799575487e-01
17090.00 1.682089955400108e-01
17100.00 1.712649523335564e-01
17110.00 1.743972009134290e-01
17120.00 1.776079625131743e-01
17130.00 1.808995315866895e-01
17140.00 1.842742784713093e-01
17150.00 1.877346521561571e-01
17160.00 1.912831831602667e-01
17170.00 1.949224865251553e-01
17180.00 1.986552649267201e-01
17190.00 2.024843119115870e-01
17200.00 2.064125152632603e-01
17210.00 2.104428605036468e-01
17220.00 2.145784345358293e-01
17230.00 2.188224294341894e-01
17240.00 2.231781463882817e-01
17250.00 2.276489998071755e-01
17260.00 2.322385215912447e-01
17270.00 2.369503655787449e-01
17280.00 2.417883121748879e-01
17290.00 2.467562731713800e-01
17300.00 2.518582967649183e-01
17310.00 2.570985727833706e-01
17320.00 2.624814381289234e-01
17330.00 2.680113824478189e-01
17340.00 2.736930540368099e-01
17350.00 2.795312659969090e-01
17360.00 2.855310026455697e-01
17370.00 2.916974261988871e-01
17380.00 2.980358837360257e-01
17390.00 3.045519144586354e-01
17400.00 3.112512572586404e-01
17410.00 3.181398586084612e-01
17420.00 3.252238807883187e-01
17430.00 3.325097104660926e-01
17440.00 3.400039676458951e-01
17450.00 3.477135150022855e-01
17460.00 3.556454676180016e-01
17470.00 3.638072031437392e-01
17480.00 3.722063723996835e-01
17490.00 3.808509104392543e-01
17500.00 3.897490480966520e-01
17510.00 3.989093240408118e-01
17520.00 4.083405973595460e-01
17530.00 4.180520606987672e-01
17540.00 4.280532539829636e-01
17550.00 4.383540787444637e-01
17560.00 4.489648130902537e-01
17570.00 4.598961273367941e-01
17580.00 4.711591003445406e-01
17590.00 4.827652365857223e-01
17600.00 4.947264839804614e-01
17610.00 5.070552525382254e-01
17620.00 5.197644338433780e-01
17630.00 5.328674214256822e-01
17640.00 5.463781320585782e-01
17650.00 5.603110280304259e-01
17660.00 5.746811404360508e-01
17670.00 5.895040935384794e-01
17680.00 6.047961302533794e-01
17690.00 6.205741388112687e-01
17700.00 6.368556806556446e-01
17710.00 6.536590196380416e-01
17720.00 6.710031525742969e-01
17730.00 6.889078412297678e-01
17740.00 7.073936458045230e-01
17750.00 7.264819599936428e-01
17760.00 7.461950477014556e-01
17770.00 7.665560814929013e-01
17780.00 7.875891828694119e-01
17790.00 8.093194644617335e-01
17800.00 8.317730742366038e-01
17810.00 8.549772418197147e-01
17820.00 8.789603270428568e-01
17830.00 9.037518708287136e-01
17840.00 9.293826485333589e-01
17850.00 9.558847258724483e-01
17860.00 9.832915175644327e-01
17870.00 1.011637848831168e+00
17880.00 1.040960019903838e+00
17890.00 1.071295873690576e+00
17900.00 1.102684866770319e+00
17910.00 1.135168143886810e+00
17920.00 1.168788616126145e+00
17930.00 1.203591042971377e+00
17940.00 1.239622118438468e+00
17950.00 1.276930561509345e+00
17960.00 1.315567211089675e+00
17970.00 1.355585125731679e+00
17980.00 1.397039688376235e+00
17990.00 1.439988716382057e+00
18000.00 1.484492577125637e+00
18010.00 1.530614309471112e+00
18020.00 1.578419751426307e+00
18030.00 1.627977674319460e+00
18040.00 1.679359923849842e+00
18050.00 1.732641568385926e+00
18060.00 1.787901054905961e+00
18070.00 1.845220372998595e+00
18080.00 1.904685227365637e+00
18090.00 1.966385219293487e+00
18100.00 2.030414037588330e+00
18110.00 2.096869659497678e+00
18120.00 2.165854562171807e+00
18130.00 2.237475945250979e+00
18140.00 2.311845965198563e+00
18150.00 2.389081982036508e+00
18160.00 2.469306819178580e+00
18170.00 2.552649037097202e+00
18180.00 2.639243221604214e+00
18190.00 2.729230287571074e+00
18200.00 2.822757798964237e+00
18210.00 2.919980306123057e+00
18220.00 3.021059701262851e+00
18230.00 3.126165593245893e+00
18240.00 3.235475702723945e+00
18250.00 3.349176278824566e+00
18260.00 3.467462538622534e+00
18270.00 3.590539130714860e+00
18280.00 3.718620624295467e+00
18290.00 3.851932025214047e+00
18300.00 3.990709320591419e+00
18310.00 4.135200053661494e+00
18320.00 4.285663930613298e+00
18330.00 4.442373461313979e+00
18340.00 4.605614635911048e+00
18350.00 4.775687639436871e+00
18360.00 4.952907606668729e+00
18370.00 5.000000000000000e+00
18380.00 5.000000000000000e+00
18390.00 5.000000000000000e+00
18400.00 5.000000000000000e+00
18410.00 5.000000000000000e+00
18420.00 5.000000000000000e+00
18430.00 5.000000000000000e+00
18440.00 5.000000000000000e+00
18450.00 5.000000000000000e+00
18460.00 5.000000000000000e+00
18470.00 5.000000000000000e+00
18480.00 5.000000000000000e+00
18490.00 5.000000000000000e+00
18500.00 5.000000000000000e+00
18510.00 5.000000000000000e+00
18520.00 5.000000000000000e+00
18530.00 5.000000000000000e+00
18540.00 5.000000000000000e+00
18550.00 5.000000000000000e+00
18560.00 5.000000000000000e+00
18570.00 5.000000000000000e+00
18580.00 5.000000000000000e+00
18590.00 5.000000000000000e+00
18600.00 5.000000000000000e+00
18610.00 5.000000000000000e+00
18620.00 5.000000000000000e+00
18630.00 5.000000000000000e+00
18640.00 5.000000000000000e+00
18650.00 5.000000000000000e+00
18660.00 5.000000000000000e+00
18670.00 5.000000000000000e+00
18680.00 5.000000000000000e+00
18690.00 5.000000000000000e+00
18700.00 5.000000000000000e+00
18710.00 5.000000000000000e+00
18720.00 5.000000000000000e+00
18730.00 5.000000000000000e+00
18740.00 5.000000000000000e+00
18750.00 5.000000000000000e+00
18760.00 5.000000000000000e+00
18770.00 5.000000000000000e+00
18780.00 5.000000000000000e+00
18790.00 5.000000000000000e+00
18800.00 5.000000000000000e+00
18810.00 5.000000000000000e+00
18820.00 5.000000000000000e+00
18830.00 5.000000000000000e+00
18840.00 5.000000000000000e+00
18850.00 5.000000000000000e+00
18860.00 5.000000000000000e+00
18870.00 5.000000000000000e+00
18880.00 5.000000000000000e+00
18890.00 5.000000000000000e+00
18900.00 5.000000000000000e+00
18910.00 5.000000000000000e+00
18920.00 5.000000000000000e+00
18930.00 5.000000000000000e+00
18940.00 5.000000000000000e+00
18950.00 5.000000000000000e+00
18960.00 5.000000000000000e+00
18970.00 5.000000000000000e+00
18980.00 5.000000000000000e+00
18990.00 5.000000000000000e+00
19000.00 5.000000000000000e+00
19010.00 5.000000000000000e+00
19020.00 5.000000000000000e+00
19030.00 5.000000000000000e+00
19040.00 5.000000000000000e+00
19050.00 5.000000000000000e+00
19060.00 5.000000000000000e+00
19070.00 5.000000000000000e+00
19080.00 5.000000000000000e+00
19090.00 5.000000000000000e+00
19100.00 5.000000000000000e+00
19110.00 5.000000000000000e+00
19120.00 5.000000000000000e+00
19130.00 5.000000000000000e+00
19140.00 5.000000000000000e+00
19150.00 5.000000000000000e+00
19160.00 5.000000000000000e+00
19170.00 5.000000000000000e+00
19180.00 5.000000000000000e+00
19190.00 5.000000000000000e+00
19200.00 5.000000000000000e+00
19210.00 5.000000000000000e+00
19220.00 5.000000000000000e+00
19230.00 5.000000000000000e+00
19240.00 5.000000000000000e+00
19250.00 5.000000000000000e+00
19260.00 5.000000000000000e+00
19270.00 5.000000000000000e+00
19280.00 5.000000000000000e+00
19290.00 5.000000000000000e+00
19300.00 5.000000000000000e+00
19310.00 5.000000000000000e+00
19320.00 5.000000000000000e+00
19330.00 5.000000000000000e+00
19340.00 5.000000000000000e+00
19350.00 5.000000000000000e+00
19360.00 5.000000000000000e+00
19370.00 5.000000000000000e+00
19380.00 5.000000000000000e+00
19390.00 5.000000000000000e+00
19400.00 5.000000000000000e+00
19410.00 5.000000000000000e+00
19420.00 5.000000000000000e+00
19430.00 5.000000000000000e+00
19440.00 5.000000000000000e+00
19450.00 5.000000000000000e+00
19460.00 5.000000000000000e+00
19470.00 5.000000000000000e+00
19480.00 5.000000000000000e+00
19490.00 5.000000000000000e+00
19500.00 5.000000000000000e+00
19510.00 5.000000000000000e+00
19520.00 5.000000000000000e+00
19530.00 5.000000000000000e+00
19540.00 5.000000000000000e+00
19550.00 5.000000000000000e+00
19560.00 5.000000000000000e+00
19570.00 5.000000000000000e+00
19580.00 5.000000000000000e+00
19590.00 5.000000000000000e+00
19600.00 5.000000000000000e+00
19610.00 5.000000000000000e+00
19620.00 5.000000000000000e+00
19630.00 5.000000000000000e+00
19640.00 5.000000000000000e+00
19650.00 5.000000000000000e+00
19660.00 5.000000000000000e+00
19670.00 5.000000000000000e+00
19680.00 5.000000000000000e+00
19690.00 5.000000000000000e+00
19700.00 5.000000000000000e+00
19710.00 5.000000000000000e+00
19720.00 5.000000000000000e+00
19730.00 5.000000000000000e+00
19740.00 5.000000000000000e+00
19750.00 5.000000000000000e+00
19760.00 5.000000000000000e+00
19770.00 5.000000000000000e+00
19780.00 5.000000000000000e+00
19790.00 5.000000000000000e+00
19800.00 5.000000000000000e+00
19810.00 5.000000000000000e+00
19820.00 5.000000000000000e+00
19830.00 5.000000000000000e+00
19840.00 5.000000000000000e+00
19850.00 5.000000000000000e+00
19860.00 5.000000000000000e+00
19870.00 5.000000000000000e+00
19880.00 5.000000000000000e+00
19890.00 5.000000000000000e+00
19900.00 5.000000000000000e+00
19910.00 5.000000000000000e+00
19920.00 5.000000000000000e+00
19930.00 5.000000000000000e+00
19940.00 5.000000000000000e+00
19950.00 5.000000000000000e+00
19960.00 5.000000000000000e+00
19970.00 5.000000000000000e+00
19980.00 5.000000000000000e+00
19990.00 5.000000000000000e+00
20000.00 5.000000000000000e+00
